0 0.7479166666666667 0.6710069444444444
1 0.790625 0.7220486111111111
2 0.8520833333333333 0.7967013888888889
3 0.8526041666666667 0.7944444444444444
4 0.8630208333333333 0.8060763888888889
5 0.8885416666666667 0.8236111111111111
6 0.8880208333333334 0.8253472222222222
7 0.9098958333333333 0.8310763888888889
8 0.915625 0.8383680555555556
9 0.9192708333333334 0.8345486111111111
10 0.9333333333333333 0.8479166666666667
11 0.9276041666666667 0.8517361111111111
12 0.9390625 0.8493055555555555
13 0.9322916666666666 0.8506944444444444
14 0.9619791666666667 0.8552083333333333
15 0.9479166666666666 0.8581597222222223
16 0.9541666666666667 0.8543402777777778
17 0.953125 0.8654513888888888
18 0.9604166666666667 0.8609375
19 0.965625 0.8536458333333333
20 0.9630208333333333 0.8654513888888888
21 0.9708333333333333 0.8571180555555555
22 0.9703125 0.8600694444444444
23 0.9677083333333333 0.8569444444444444
24 0.9630208333333333 0.871875
25 0.9671875 0.8675347222222223
26 0.9729166666666667 0.8592013888888889
27 0.9651041666666667 0.8690972222222222
28 0.975 0.8588541666666667
29 0.9640625 0.8633680555555555
30 0.9630208333333333 0.8673611111111111
31 0.9692708333333333 0.8663194444444444
32 0.9651041666666667 0.8694444444444445
33 0.971875 0.865625
34 0.9666666666666667 0.8713541666666667
35 0.9744791666666667 0.8529513888888889
